0.033244 -0.031635 -0.141869
0.225122 -0.049228 -0.040046
-0.028304 0.047603 -0.128919
0.198112 -0.129989 0.180188
0.078237 0.199312 -0.047451
-0.178077 -0.325341 -0.266200
-0.216753 -0.129392 0.058759
-0.115762 0.046899 -0.030784
0.250079 0.059071 -0.015258
0.066798 -0.044065 -0.221056
-0.289959 -0.034497 0.255952
-0.266643 -0.002636 0.136071
-0.070035 0.065804 0.001437
0.406871 0.210884 -0.044758
-0.055549 0.105899 0.016094
-0.165265 -0.147388 -0.076519
-0.063083 -0.102472 -0.116527
0.061451 0.081095 -0.089156
-0.232081 -0.279648 -0.201525
-0.138641 -0.013616 0.298493
0.162464 0.042802 -0.053226
0.238050 -0.198145 0.348533
0.243823 -0.024644 -0.081770
0.327758 0.100985 -0.102522
0.175089 -0.009878 -0.050567
0.113036 -0.202391 0.300902
-0.006834 0.188782 -0.039999
-0.254962 -0.017776 0.272891
0.278916 0.177396 0.045752
-0.105491 -0.007363 -0.018403
0.075388 -0.168990 0.276168
0.265906 0.037247 -0.079604
0.164439 -0.171701 0.324942
-0.175996 0.092271 -0.089717
-0.153360 0.023093 0.176007
-0.223377 0.011430 0.266005
-0.144714 -0.042889 0.076773
0.275368 0.018593 -0.095231
0.236164 -0.153232 0.148185
-0.136411 -0.346308 -0.258411
-0.202566 -0.000160 0.103952
-0.203826 -0.273372 -0.163577
0.159080 0.115203 -0.131017
0.239999 0.037615 -0.130196
0.299999 0.167344 0.032836
0.309966 0.223590 -0.063607
-0.314685 0.455196 0.123479
0.248576 -0.105627 0.256242
-0.182539 -0.028661 -0.010318
-0.170600 -0.195289 0.071430
-0.242195 0.048287 0.131067
0.037489 -0.235248 0.209295
-0.070667 0.012738 -0.048175
0.159541 0.144357 -0.061805
-0.123766 -0.115264 -0.002190
0.118784 0.121346 -0.019689
-0.186460 -0.057828 0.198332
-0.154159 0.060413 0.210868
-0.175723 -0.037242 0.164247
0.324343 0.212965 -0.060274
-0.234158 0.443401 0.095293
0.100696 0.045622 -0.132383
-0.087448 0.086092 0.196702
-0.211137 -0.119157 0.178094
-0.130157 0.007588 -0.102147
-0.200679 -0.308874 -0.224289
-0.150094 0.096291 0.031215
-0.222314 -0.379076 -0.183479
0.210230 -0.006215 -0.163430
-0.055892 0.065177 -0.103295
-0.159332 -0.117525 0.093704
-0.029834 0.030982 -0.140232
0.114112 0.204018 -0.148153
0.380212 0.119154 -0.026287
0.269445 0.153641 -0.064846
0.311534 0.154255 -0.086404
-0.138933 -0.043988 0.085421
0.352973 0.109166 -0.036823
-0.157543 0.049930 -0.061726
-0.034531 0.046293 -0.137104
-0.217246 -0.052596 0.083186
-0.075740 0.195698 -0.091736
-0.091059 -0.062405 -0.115015
-0.242129 0.043456 0.252292
0.029099 -0.250586 0.246977
0.325825 0.147958 -0.036547
-0.022156 -0.059921 -0.100352
0.104058 0.121391 -0.091811
-0.116491 -0.337391 -0.247440
-0.047661 0.092155 0.041222
-0.212800 -0.083896 -0.216624
-0.001596 -0.187974 0.226114
0.307034 0.180670 -0.095477
0.219788 -0.101948 0.283407
-0.068092 0.035493 -0.147452
-0.130851 0.132659 -0.136136
-0.103499 -0.100666 -0.138752
-0.214091 -0.234537 -0.179975
-0.217772 -0.128100 0.151239
-0.192736 -0.287168 -0.175783
-0.126231 0.016415 -0.068464
-0.169798 0.126806 -0.064484
-0.220024 0.458727 0.071124
0.119051 -0.041888 0.179329
0.139650 -0.116335 0.213939
-0.248678 -0.129859 -0.107311
-0.160244 0.057465 0.087638
0.232584 0.035091 -0.054660
-0.165382 -0.160518 -0.042897
0.283971 -0.043704 -0.053602
-0.051923 -0.095033 -0.157428
0.265555 0.101876 -0.027808
0.198506 -0.008008 -0.090777
-0.276162 0.428066 0.098949
-0.153772 -0.367752 -0.162386
-0.122042 -0.264523 -0.242320
-0.178981 0.017242 -0.041892
0.069332 -0.202131 0.290766
0.281102 -0.142720 0.208410
0.051707 -0.024427 -0.079368
0.006288 0.043799 -0.114393
0.231946 0.097550 -0.039011
0.047452 -0.199780 0.128512
0.218262 -0.043377 -0.156138
-0.278599 0.469689 0.054693
0.125752 -0.091467 0.177556
0.066811 -0.146994 0.219233
0.293341 -0.008489 -0.158331
0.044898 -0.197912 0.304604
0.213231 -0.136542 0.162413
0.259980 0.202010 0.006086
-0.213795 -0.100482 -0.190321
0.403942 0.133879 -0.102235
-0.101315 0.041364 -0.067136
0.070027 0.055721 -0.083799
-0.028122 0.080078 -0.094701
-0.188637 -0.113936 -0.047320
-0.161183 0.040816 -0.171156
-0.044899 0.087511 -0.223622
-0.224932 0.462655 0.030097
-0.212041 -0.098194 -0.035538
-0.065994 -0.027834 -0.066775
-0.033087 -0.056507 -0.054662
-0.202916 -0.043460 0.064380
0.257399 0.022142 -0.020777
-0.106670 -0.034707 -0.063188
0.042326 -0.229636 0.179563
-0.145424 -0.239994 -0.129566
-0.134936 -0.083506 -0.117729
0.254455 0.158076 0.059254
0.216750 -0.009147 -0.044477
-0.184418 -0.299911 -0.187972
-0.200183 0.443677 0.047745
0.119561 0.128159 0.015754
-0.137037 0.216345 0.141501
0.245079 -0.176553 0.136764
-0.227412 0.099405 0.172916
0.061189 -0.178720 0.262149
-0.168476 -0.109424 0.130201
-0.142154 -0.055473 -0.121579
-0.248269 0.374907 0.138954
-0.158547 -0.110223 -0.080660
0.133088 0.064638 -0.133417
0.229789 0.058225 -0.085750
0.295507 0.035591 -0.067839
0.170745 -0.007934 -0.078818
-0.046154 0.060142 0.068801
-0.195591 -0.194184 0.060961
0.103843 -0.053253 -0.179333
0.174303 -0.127653 0.105313
0.052465 -0.020217 -0.086702
-0.175099 -0.333557 -0.174104
-0.057659 0.235042 -0.023103
0.288662 0.072018 -0.193457
0.276438 -0.112907 0.238461
-0.212174 -0.141975 0.097634
0.202886 0.158430 0.032340
-0.096842 -0.023666 -0.103632
-0.314246 0.407861 0.114392
0.183907 0.222624 -0.002752
-0.203330 -0.364308 -0.192435
-0.196262 -0.144386 0.030567
-0.258543 0.472698 0.087413
-0.264445 0.426987 0.039848
0.280533 0.131887 -0.044240
-0.153922 -0.009442 -0.187604
0.382532 0.172329 -0.105677
0.147993 0.107467 -0.013287
-0.202856 -0.138779 -0.060357
-0.137052 -0.069205 0.051499
-0.122527 0.027156 -0.122136
-0.261825 0.006506 0.179437
0.267116 -0.035737 -0.129431
-0.237097 0.503792 0.061343
0.287087 -0.050549 0.230731
-0.058019 0.074283 0.021486
-0.110198 0.028121 -0.145209
-0.054859 -0.004316 -0.083092
-0.120189 -0.086145 0.011309
0.281558 -0.156326 0.193964
0.106853 -0.012394 0.007767
0.213762 -0.100365 0.040503
0.285458 0.103302 -0.093038
-0.140535 -0.355923 -0.256781
-0.081002 0.147683 0.008912
0.023328 -0.049158 -0.060899
-0.078313 -0.058060 -0.202027
0.184192 -0.266484 0.132441
-0.295465 0.386981 0.052303
0.406728 0.214981 -0.072627
0.062142 -0.246263 0.192458
-0.113032 -0.002865 0.131280
0.285045 0.076649 -0.168013
-0.005592 0.075072 -0.161089
-0.195996 0.150433 -0.107553
-0.070049 -0.002987 -0.154306
0.244391 -0.115638 0.240611
-0.123525 -0.017433 0.055383
-0.145628 0.029156 0.044848
0.057617 -0.031769 0.081722
-0.144875 0.041003 -0.057727
0.300454 0.167854 -0.031003
0.267431 -0.139203 0.327022
0.296318 0.050860 -0.177105
-0.156383 -0.352063 -0.296160
-0.258431 0.445168 0.117246
0.344839 0.049322 -0.109365
0.290070 -0.052605 0.049530
0.336558 0.054233 -0.035797
-0.015538 0.176946 0.033514
0.159335 0.084047 -0.082171
0.009181 -0.085458 -0.188155
-0.181100 -0.101759 0.177318
-0.198152 0.391850 0.033763
-0.202135 -0.003631 0.231162
0.264061 -0.009124 0.010628
-0.078218 -0.019086 -0.059216
-0.099249 -0.026526 -0.102227
-0.062990 0.124542 -0.024566
-0.253609 0.457975 0.057489
-0.178156 -0.032321 -0.067218
-0.176244 -0.382055 -0.202559
-0.252233 -0.091275 -0.001106
-0.156389 0.056454 0.242419
-0.203159 -0.336588 -0.254992
-0.210072 -0.069412 -0.094475
-0.018862 0.026081 -0.175580
0.215641 0.039925 -0.049214
-0.194777 -0.112569 -0.080836
0.382108 0.184648 -0.111938
-0.259012 0.418344 0.041180
0.140366 0.014479 -0.029455
0.073554 -0.050250 -0.074853
-0.086966 0.123446 0.022556
0.185449 -0.030162 -0.037422
0.023857 -0.145596 0.260959
-0.148586 -0.000567 -0.022808
0.275554 0.148574 -0.094869
0.228479 0.027635 -0.043882
-0.313827 0.450462 0.123275
-0.028772 -0.008852 -0.041317
-0.127375 -0.023105 -0.036891
-0.093536 0.020027 -0.094742
0.298651 0.017069 -0.054280
-0.038205 0.082372 0.137389
0.053686 -0.124949 0.215092
0.083119 -0.217084 0.122984
-0.132139 -0.055649 -0.130056
-0.170778 -0.157219 0.052930
0.218718 0.156491 -0.221248
0.331295 -0.041769 -0.094267
0.015098 0.011871 -0.088284
0.296258 -0.012522 -0.016158
-0.146187 -0.071928 -0.139211
-0.213859 -0.048776 0.210814
0.139990 -0.082317 0.218385
0.272656 -0.086385 0.097213
0.188498 0.085690 -0.149022
0.108778 -0.038415 -0.111420
0.246851 0.022969 -0.101725
0.183461 0.183875 0.047172
-0.161685 -0.143724 -0.081308
0.052767 -0.216347 0.198600
-0.035405 0.090408 0.088831
-0.159703 -0.046634 0.079286
0.390409 0.210528 -0.155025
-0.009634 0.071111 -0.113542
-0.160788 -0.040922 0.160958
-0.116422 -0.081916 -0.125819
-0.160789 -0.284583 -0.297463
-0.046668 0.023452 -0.168420
0.279880 0.176942 -0.074522
0.198511 0.049207 -0.157487
-0.176623 0.388641 0.055301
0.185949 -0.107605 -0.084718
0.186642 -0.134854 0.194123
0.097401 -0.166701 0.157792
0.114217 0.077833 -0.046369
0.001807 0.022105 -0.017918
0.287208 0.154740 -0.080727
0.269952 -0.185745 0.279480
0.127427 -0.216261 0.208072
0.181437 -0.034706 -0.150637
-0.111770 0.105787 -0.006970
0.287520 -0.153461 0.259710
-0.165727 -0.145643 -0.132602
0.105822 0.069528 -0.071710
-0.245963 -0.088085 0.099028
0.215792 0.134454 -0.019624
0.116453 0.068556 -0.088221
-0.074741 0.024843 0.081194
0.198154 0.011175 -0.128040
-0.154604 -0.000184 0.066540
-0.216515 -0.173947 -0.122163
-0.188908 -0.189626 0.099819
-0.269324 0.469041 0.108284
-0.031677 0.080347 -0.124607
-0.017235 -0.029512 -0.158915
0.081595 0.056725 -0.030025
-0.188721 -0.061382 -0.096805
0.259153 -0.099316 0.267921
-0.165870 -0.278154 -0.187315
0.301033 0.132315 -0.061327
0.226259 -0.084709 0.279318
-0.121249 0.035000 -0.142838
-0.191256 0.025933 0.200763
-0.077570 0.115153 -0.124819
-0.282275 0.032230 0.201371
-0.137604 -0.291628 -0.273238
0.191241 0.016613 -0.021301
-0.181037 -0.350809 -0.219196
0.003509 -0.083096 0.074095
0.257065 0.111923 -0.097217
-0.143688 -0.092738 -0.101379
-0.103796 -0.178337 -0.030584
0.078575 -0.182624 0.170560
-0.164794 -0.198640 -0.125855
-0.184930 -0.107151 0.007436
-0.100513 -0.034846 -0.123278
-0.004735 0.020820 -0.114006
-0.150682 0.028382 -0.083934
-0.227067 -0.118813 -0.133701
-0.191807 -0.139911 0.204366
-0.219169 0.038933 0.092635
-0.173065 -0.051894 0.053916
0.064709 -0.226494 0.200361
0.295791 0.090961 0.017960
-0.135056 -0.110737 -0.051853
0.069732 0.073324 -0.143407
-0.166123 -0.069493 -0.044617
-0.226930 0.468202 0.036185
0.134876 0.150478 -0.045626
0.198700 0.050286 -0.077877
-0.132989 -0.248136 -0.190183
0.221749 -0.146745 0.204156
0.052922 -0.214566 0.130104
0.253440 -0.131904 0.242019
-0.152063 -0.118717 -0.177113
0.336741 -0.108151 -0.058509
-0.201896 -0.141617 -0.098234
0.142434 -0.160248 0.316829
-0.289554 -0.039791 0.253853
-0.131843 -0.095458 0.210540
0.157893 0.073729 -0.054479
-0.040151 0.068873 -0.102063
-0.115800 -0.074083 0.038868
0.054833 0.115712 -0.037958
-0.233035 0.396989 0.114581
-0.240604 -0.051957 0.150137
0.278226 -0.187817 0.318484
0.298138 -0.156151 0.220063
-0.121134 -0.113470 -0.077258
0.278261 -0.205734 0.333422
0.108528 -0.038976 0.194544
-0.112323 -0.001127 -0.049159
0.301039 -0.266259 0.295949
-0.164458 -0.026320 0.242236
0.290527 0.082069 -0.242884
0.195114 0.077485 -0.059940
-0.079082 0.044670 0.064063
-0.114347 -0.086254 -0.175235
-0.063800 0.111026 -0.094294
-0.070352 0.117717 -0.050698
0.179526 0.087908 -0.131305
-0.138845 0.024699 0.165487
-0.265462 0.380606 0.088525
-0.134011 -0.068768 0.080367
-0.091015 0.199134 0.023464
-0.303807 0.427708 0.064373
0.169943 0.105710 -0.154558
-0.256811 -0.016243 0.259684
-0.269158 0.434472 0.082093
-0.139607 -0.002399 -0.077818
-0.230497 -0.083109 0.080976
0.002904 0.203901 -0.025522
